50
hbbl_ranca/1-146 0.0000000 0.4468495 0.7102074 0.7906820 0.8763221 0.7079209 0.7537804 0.7576579 0.7502358 0.7349504 0.7753899 0.7881917 0.8178001 0.8467277 0.8771434 0.7252845 0.6639046 0.8374332 1.2999578 1.4149739 1.4364391 1.4357310 1.3325898 1.4098434 1.4207113 1.3614045 1.4120744 1.3476629 1.3394713 1.2965678 1.2769125 1.2987410 1.4315370 1.4165161 1.3937163 1.2348912 1.2414444 1.5329446 2.6729534 2.6010313 2.7107122 2.6321000 2.6809059 2.5634008 2.5123314 3.4465761 2.4646124 3.1162637 3.0029807 4.4030162 
hba_ailme/1-141  0.4468495 0.0000000 0.6807077 0.8355303 0.8512375 0.7772553 0.8396292 0.8308593 0.7827121 0.7791084 0.8494766 0.8213493 0.8958680 0.8202438 0.8504071 0.8031749 0.6920157 0.8676521 1.2037621 1.4524101 1.4506331 1.4757929 1.3227900 1.3550536 1.3654195 1.3334492 1.4096239 1.3236687 1.3760238 1.4112674 1.4093666 1.4438588 1.4510676 1.4732173 1.4305389 1.3807920 1.3934190 1.4672168 2.4413397 2.4236645 2.4803043 2.6214277 2.3896098 2.5616220 2.1673657 3.1880095 2.2161091 3.9695509 3.9904187 4.2407240 
hbaz_horse/1-141 0.7102074 0.6807077 0.0000000 0.3105073 0.2863944 0.2711344 0.3141511 0.2521573 0.2975996 0.2971138 0.3188364 0.3274556 0.3377385 0.3916180 0.3944476 0.3486488 0.2952504 0.3822413 1.0829792 1.1209532 1.1924668 1.2035513 1.1673502 1.2226981 1.2318883 1.2054773 1.2276756 1.2136827 1.1419506 1.1124767 1.0641840 1.1636893 1.1558462 1.1045699 1.1531710 0.9569708 1.0402122 1.2138361 2.4393615 2.5348859 2.4664549 2.4837299 2.4604120 2.5483702 2.5903448 3.4180438 2.3784718 3.4389988 3.4906105 3.9600102 
myg_escgi/1-153  0.7906820 0.8355303 0.3105073 0.0000000 0.1038666 0.2996985 0.3012723 0.2566374 0.2832319 0.2967132 0.3263831 0.3486144 0.2984543 0.3637408 0.3653886 0.4206831 0.3889164 0.5611771 0.9666830 1.1654302 1.2367108 1.2653406 1.1388949 1.2625294 1.2463386 1.2294647 1.2815309 1.1172178 1.1498189 1.1333444 1.1594320 1.2470561 1.2198253 1.1199931 1.1643128 1.1122923 1.2720879 1.2847840 2.3121234 2.1947587 2.1336042 2.1260481 2.1203830 2.1207042 2.5381016 3.2295715 2.5048095 3.7649033 3.9492602 4.3955492 
myg_saisc/1-153  0.8763221 0.8512375 0.2863944 0.1038666 0.0000000 0.2543957 0.2735413 0.2305458 0.2658745 0.2758793 0.3184207 0.3341344 0.3014655 0.3393253 0.3315471 0.4110979 0.3694444 0.4992196 0.9856431 1.0958205 1.1870551 1.2152116 1.1063149 1.1888464 1.1733446 1.1576420 1.2507011 1.1153592 1.1692288 1.1213473 1.1473283 1.2126576 1.2316893 1.1186154 1.0996309 1.1283493 1.2686379 1.2795924 2.3488187 2.3255108 2.1469089 2.1716467 2.1951467 2.1889690 2.5299632 3.1922423 2.3981153 3.9611564 4.0285190 4.1486062 
hba_frapo/1-141  0.7079209 0.7772553 0.2711344 0.2996985 0.2543957 0.0000000 0.0742619 0.0912229 0.1199824 0.2040767 0.1969735 0.1885699 0.2411370 0.2362128 0.2367679 0.4508394 0.4054551 0.5000343 0.9910916 0.9979556 1.0678283 1.1411497 0.9926432 1.0497922 1.0593039 1.0210348 1.1042696 1.0728766 1.0428038 1.0561937 1.0929761 1.0810136 1.1301916 1.0813439 1.1588653 1.0658830 1.1041091 1.2400989 2.4786523 2.4437492 2.2546797 2.3205405 2.2692077 2.4206591 2.5654515 3.2864746 2.4307841 3.4058807 3.5420467 4.1150760 
myg_mouse/1-153  0.7537804 0.8396292 0.3141511 0.3012723 0.2735413 0.0742619 0.0000000 0.0984147 0.0979848 0.2059974 0.1983665 0.2046358 0.2337360 0.2847648 0.2854650 0.4700390 0.4345832 0.5413436 1.0251437 1.0766969 1.1284931 1.1682727 1.0542440 1.1294644 1.1634390 1.1236694 1.1297214 1.0975672 1.1306618 1.1286807 1.1674614 1.2142096 1.2417394 1.1309235 1.2545337 1.1448084 1.1809271 1.3023020 2.5606853 2.5239506 2.4123437 2.4485649 2.3769572 2.6223301 2.7229964 3.2852642 2.3843038 3.4073925 3.5381939 4.0377364 
hbe_ponpy/1-146  0.7576579 0.8308593 0.2521573 0.2566374 0.2305458 0.0912229 0.0984147 0.0000000 0.1231627 0.1589008 0.2328681 0.1893062 0.1870386 0.2578810 0.2585005 0.4053810 0.3580071 0.4477002 0.9618007 1.1241286 1.1787602 1.2223384 1.0860447 1.1812887 1.1866981 1.1739809 1.1868559 1.1607241 1.1262329 1.1038320 1.1421312 1.2361704 1.2489461 1.1366698 1.1816365 1.0737180 1.0999180 1.2526377 2.4350972 2.4790886 2.2153291 2.2804415 2.2972194 2.4128870 2.6076387 3.2122167 2.3569702 3.4215982 3.5732090 3.8574988 
myg_progu/1-153  0.7502358 0.7827121 0.2975996 0.2832319 0.2658745 0.1199824 0.0979848 0.1231627 0.0000000 0.1823604 0.1970799 0.1893157 0.2399678 0.2701560 0.2531492 0.4267737 0.3914247 0.5354719 1.0207383 1.0579017 1.1027632 1.1272241 1.0564862 1.1058269 1.1392244 1.1278455 1.1422102 1.0327895 1.1236307 1.0115128 1.0473225 1.1332782 1.1115042 1.0496789 1.2505310 1.1140638 1.1541439 1.2698750 2.5112422 2.4756243 2.3430515 2.3969068 2.3586678 2.4827474 2.5305991 3.4848177 2.3864684 3.5112766 3.7148236 4.0428068 
hbb2_xentr/1-146 0.7349504 0.7791084 0.2971138 0.2967132 0.2758793 0.2040767 0.2059974 0.1589008 0.1823604 0.0000000 0.1693860 0.2009162 0.2845982 0.3020766 0.2839685 0.3896032 0.3676098 0.5534770 1.0505890 1.0581688 1.1009406 1.1317955 1.0231915 1.0772610 1.0821495 1.0714807 1.1313598 1.0264209 1.0820066 1.0455074 1.0703051 1.1599745 1.1692158 1.1214282 1.1484608 1.0626790 1.0982548 1.1708454 2.3805029 2.3090156 2.2528482 2.2087403 2.2270064 2.3748153 2.6780656 3.1842206 2.4722862 3.5659442 3.6674157 4.0204937 
hbb_ornan/1-146  0.7753899 0.8494766 0.3188364 0.3263831 0.3184207 0.1969735 0.1983665 0.2328681 0.1970799 0.1693860 0.0000000 0.2463357 0.2791197 0.3181419 0.2999713 0.4235041 0.4048950 0.5830317 1.1042437 1.0594069 1.0788144 1.1736308 1.0661668 1.1352295 1.1696078 1.1636449 1.1355593 1.0518412 1.0879807 1.0660898 1.0639248 1.1231646 1.1752289 1.0690853 1.2754553 1.0626540 1.2120708 1.2148039 2.4736243 2.4811905 2.4265634 2.4701884 2.4039285 2.4703462 3.0237268 3.4168694 2.4171941 3.4220457 3.6385439 4.0294591 
glb2_mormr/1-149 0.7881917 0.8213493 0.3274556 0.3486144 0.3341344 0.1885699 0.2046358 0.1893062 0.1893157 0.2009162 0.2463357 0.0000000 0.3011286 0.3488394 0.3226619 0.4797731 0.4523291 0.5576898 1.0982689 1.2512428 1.2565384 1.3104764 1.2134948 1.2900684 1.2960008 1.2846522 1.2980646 1.2261745 1.2415664 1.1308297 1.1780737 1.2519358 1.2678813 1.1967545 1.4045741 1.2883417 1.3402550 1.3261829 2.4708710 2.3995787 2.2059464 2.3059103 2.3389118 2.4131307 2.6104803 3.3223281 2.5375334 3.4286315 3.5791483 3.9203223 
hbb_mansp/1-146  0.8178001 0.8958680 0.3377385 0.2984543 0.3014655 0.2411370 0.2337360 0.1870386 0.2399678 0.2845982 0.2791197 0.3011286 0.0000000 0.3582028 0.3671373 0.4672181 0.4247145 0.5459411 1.0802687 1.1281627 1.1554455 1.2306154 1.1629597 1.1976925 1.2031536 1.1901880 1.1923616 1.1258041 1.1973237 1.1898351 1.1952235 1.2549461 1.2670282 1.1893348 1.2752904 1.0464668 1.2026092 1.3974356 2.1669000 2.2933109 2.1043571 2.1969653 2.2897993 2.2616878 2.6919754 3.9077187 2.5446825 2.9213415 2.9194736 3.7365931 
myg_lycpi/1-153  0.8467277 0.8202438 0.3916180 0.3637408 0.3393253 0.2362128 0.2847648 0.2578810 0.2701560 0.3020766 0.3181419 0.3488394 0.3582028 0.0000000 0.0272265 0.4967247 0.4254682 0.6030064 1.0408435 1.0564955 1.0869474 1.0535888 0.8956148 1.0256207 1.0346982 0.9765285 1.0787241 0.9776507 1.0841609 1.0578968 1.0948767 1.1179049 1.1641178 1.1258065 1.2414436 1.0618926 1.1246832 1.3643557 2.3776833 2.2659185 2.2349231 2.2329770 2.2038584 2.2402419 2.7011106 3.3002484 2.0606278 3.6244278 3.7242613 4.0193132 
hbad_chlme/1-141 0.8771434 0.8504071 0.3944476 0.3653886 0.3315471 0.2367679 0.2854650 0.2585005 0.2531492 0.2839685 0.2999713 0.3226619 0.3671373 0.0272265 0.0000000 0.4814659 0.4113895 0.6173994 1.0787076 1.0243308 1.0537686 1.0213516 0.8666115 0.9943178 1.0031506 0.9465524 1.0463160 0.9471366 1.0513773 1.0259451 1.0622580 1.0985328 1.1295681 1.1103986 1.2441468 1.0439890 1.1379443 1.3445591 2.3149899 2.2064557 2.1761072 2.1742719 2.1462183 2.1823389 2.7551621 3.2721215 2.1069895 3.7456230 3.8497639 4.1836782 
hbb_speto/1-146  0.7252845 0.8031749 0.3486488 0.4206831 0.4110979 0.4508394 0.4700390 0.4053810 0.4267737 0.3896032 0.4235041 0.4797731 0.4672181 0.4967247 0.4814659 0.0000000 0.1017362 0.3667937 1.0232791 1.2824294 1.3155451 1.2145559 1.1677966 1.2258164 1.2314070 1.1819277 1.2705098 1.1724100 1.2200484 1.0675223 1.1163091 1.2154683 1.2653629 1.1582948 1.1494952 1.0304115 1.2003885 1.3909895 2.0883900 2.1770548 2.1388039 2.1206293 2.0808693 2.0106503 2.6728130 3.3902050 2.3895699 3.6905372 3.8571922 4.2631080 
hba_phaco/1-141  0.6639046 0.6920157 0.2952504 0.3889164 0.3694444 0.4054551 0.4345832 0.3580071 0.3914247 0.3676098 0.4048950 0.4523291 0.4247145 0.4254682 0.4113895 0.1017362 0.0000000 0.3288218 1.0317655 1.2266725 1.2651018 1.2221269 1.1115128 1.2214836 1.2307034 1.1601535 1.2380997 1.1364843 1.1643111 1.0456372 1.0938124 1.1606146 1.2076818 1.1187892 1.1195171 1.0253884 1.1384422 1.2790286 2.0422475 2.1465628 2.0763612 2.1136983 2.0397891 1.9883231 2.4216870 3.1866591 2.3252943 3.3120765 3.4540813 3.7565703 
hbb_larri/1-146  0.8374332 0.8676521 0.3822413 0.5611771 0.4992196 0.5000343 0.5413436 0.4477002 0.5354719 0.5534770 0.5830317 0.5576898 0.5459411 0.6030064 0.6173994 0.3667937 0.3288218 0.0000000 1.1638517 1.2096234 1.2646772 1.2599027 1.1720688 1.3520531 1.3621149 1.3121477 1.3426100 1.3602758 1.2667059 1.2449909 1.2734873 1.3085104 1.3235836 1.2825141 1.1797873 1.1688194 1.2084028 1.4484879 2.3723735 2.4659805 2.2438915 2.3546249 2.2870467 2.1748079 2.5638044 3.5102041 2.8992452 3.5182393 3.5442124 4.7200336 
lgb1_pea/1-147   1.2999578 1.2037621 1.0829792 0.9666830 0.9856431 0.9910916 1.0251437 0.9618007 1.0207383 1.0505890 1.1042437 1.0982689 1.0802687 1.0408435 1.0787076 1.0232791 1.0317655 1.1638517 0.0000000 1.7619247 1.7548672 1.7530582 1.6894123 1.7405916 1.7930809 1.7715921 1.8582206 1.5759219 1.7980106 1.6982832 1.7906104 1.8212884 1.8586233 1.7106299 1.6342020 1.6317166 1.6324148 1.7755965 3.2657114 3.1732550 2.9525808 2.9744347 3.1418260 3.1352533 3.0784761 4.2930651 2.2057479 4.8894701 5.1954109 5.2723027 
hbb1_varex/1-146 1.4149739 1.4524101 1.1209532 1.1654302 1.0958205 0.9979556 1.0766969 1.1241286 1.0579017 1.0581688 1.0594069 1.2512428 1.1281627 1.0564955 1.0243308 1.2824294 1.2266725 1.2096234 1.7619247 0.0000000 0.0527972 0.1121954 0.1677943 0.1374360 0.1476752 0.1701827 0.1886562 0.1894099 0.2041006 0.4282882 0.3948608 0.4548888 0.3812199 0.4168785 0.6610903 0.6989032 0.7028960 0.9156025 2.2683179 2.3449828 2.4398371 2.2367353 2.3803815 2.4281453 2.5284450 3.0173298 1.9530795 3.9099029 3.9957579 4.0132070 
hbb_sunmu/1-146  1.4364391 1.4506331 1.1924668 1.2367108 1.1870551 1.0678283 1.1284931 1.1787602 1.1027632 1.1009406 1.0788144 1.2565384 1.1554455 1.0869474 1.0537686 1.3155451 1.2651018 1.2646772 1.7548672 0.0527972 0.0000000 0.0968474 0.1749269 0.1452808 0.1556295 0.1930141 0.1928348 0.2124908 0.2233507 0.4699461 0.4352125 0.5003624 0.4041589 0.4426384 0.7245128 0.7343197 0.7297689 0.9321503 2.4036420 2.4857762 2.5562419 2.3706308 2.4984030 2.6043845 2.6690892 3.2106781 2.0266591 4.1346188 4.2294420 4.0969012 
hbb_tacac/1-146  1.4357310 1.4757929 1.2035513 1.2653406 1.2152116 1.1411497 1.1682727 1.2223384 1.1272241 1.1317955 1.1736308 1.3104764 1.2306154 1.0535888 1.0213516 1.2145559 1.2221269 1.2599027 1.7530582 0.1121954 0.0968474 0.0000000 0.2068269 0.1742989 0.1848709 0.2042261 0.2131004 0.2388171 0.3108950 0.4188024 0.4102601 0.4922302 0.4522402 0.4634651 0.7372484 0.7247838 0.6663945 1.0188631 2.3523577 2.3842129 2.4641542 2.3566497 2.4147279 2.5110552 2.5937136 3.2907102 1.8861398 4.1154491 4.1448790 3.8788096 
hba_mesau/1-141  1.3325898 1.3227900 1.1673502 1.1388949 1.1063149 0.9926432 1.0542440 1.0860447 1.0564862 1.0231915 1.0661668 1.2134948 1.1629597 0.8956148 0.8666115 1.1677966 1.1115128 1.1720688 1.6894123 0.1677943 0.1749269 0.2068269 0.0000000 0.1552100 0.1548792 0.1774394 0.1954622 0.1800618 0.2089155 0.4092568 0.3907632 0.4485528 0.4420328 0.4222043 0.7404889 0.6604672 0.6609926 0.8667515 2.3776448 2.3756433 2.4072410 2.2679476 2.3179140 2.4463524 2.6075471 3.1203377 2.1398238 3.6583635 3.8043778 4.1879961 
hba_prolo/1-141  1.4098434 1.3550536 1.2226981 1.2625294 1.1888464 1.0497922 1.1294644 1.1812887 1.1058269 1.0772610 1.1352295 1.2900684 1.1976925 1.0256207 0.9943178 1.2258164 1.2214836 1.3520531 1.7405916 0.1374360 0.1452808 0.1742989 0.1552100 0.0000000 0.0072329 0.0526564 0.1031706 0.1225112 0.2183854 0.4018296 0.3838324 0.4612457 0.4064525 0.4072796 0.6992635 0.6679247 0.6608212 0.9334845 2.4081448 2.4446534 2.5120891 2.3395521 2.4675309 2.5174342 2.6588698 3.3460020 1.8103909 4.4412688 4.4110984 4.1819447 
myg_horse/1-153  1.4207113 1.3654195 1.2318883 1.2463386 1.1733446 1.0593039 1.1634390 1.1866981 1.1392244 1.0821495 1.1696078 1.2960008 1.2031536 1.0346982 1.0031506 1.2314070 1.2307034 1.3621149 1.7930809 0.1476752 0.1556295 0.1848709 0.1548792 0.0072329 0.0000000 0.0531211 0.1127451 0.1325878 0.2203499 0.4032947 0.3852267 0.4652770 0.4100347 0.4230374 0.7043423 0.6716979 0.6645167 0.9622415 2.3758630 2.4118976 2.4781653 2.3081940 2.4344311 2.4833967 2.6815090 3.3750627 1.8709250 4.4858051 4.4547046 4.3533758 
myg_musan/1-148  1.3614045 1.3334492 1.2054773 1.2294647 1.1576420 1.0210348 1.1236694 1.1739809 1.1278455 1.0714807 1.1636449 1.2846522 1.1901880 0.9765285 0.9465524 1.1819277 1.1601535 1.3121477 1.7715921 0.1701827 0.1930141 0.2042261 0.1774394 0.0526564 0.0531211 0.0000000 0.0917353 0.1628461 0.2357155 0.4056788 0.4217889 0.4496996 0.4173559 0.4304317 0.6731888 0.6988852 0.6911286 0.9433862 2.2695619 2.3040938 2.3708529 2.3024718 2.3531770 2.3954981 2.5383030 3.3451955 1.9112092 4.1188305 4.0506734 4.0138674 
hbb_rabit/1-146  1.4120744 1.4096239 1.2276756 1.2815309 1.2507011 1.1042696 1.1297214 1.1868559 1.1422102 1.1313598 1.1355593 1.2980646 1.1923616 1.0787241 1.0463160 1.2705098 1.2380997 1.3426100 1.8582206 0.1886562 0.1928348 0.2131004 0.1954622 0.1031706 0.1127451 0.0917353 0.0000000 0.2013379 0.2543544 0.4198339 0.4176215 0.4674865 0.4562385 0.4083219 0.7804789 0.7095705 0.7306688 1.0267787 2.3634177 2.4339952 2.5169153 2.4332785 2.4803671 2.5430463 2.6302230 3.5170026 1.8648112 3.9027685 3.7443307 3.8619901 
hbf1_ureca/1-141 1.3476629 1.3236687 1.2136827 1.1172178 1.1153592 1.0728766 1.0975672 1.1607241 1.0327895 1.0264209 1.0518412 1.2261745 1.1258041 0.9776507 0.9471366 1.1724100 1.1364843 1.3602758 1.5759219 0.1894099 0.2124908 0.2388171 0.1800618 0.1225112 0.1325878 0.1628461 0.2013379 0.0000000 0.2387466 0.3789516 0.3612847 0.4735445 0.3669658 0.4234418 0.6667277 0.6264531 0.6462775 0.9016310 2.2175030 2.2348273 2.3513114 2.1621678 2.2893943 2.3619903 2.7329393 2.9356102 1.8968730 3.9936295 4.1899840 4.1505915 
hba_pagla/1-141  1.3394713 1.3760238 1.1419506 1.1498189 1.1692288 1.0428038 1.1306618 1.1262329 1.1236307 1.0820066 1.0879807 1.2415664 1.1973237 1.0841609 1.0513773 1.2200484 1.1643111 1.2667059 1.7980106 0.2041006 0.2233507 0.3108950 0.2089155 0.2183854 0.2203499 0.2357155 0.2543544 0.2387466 0.0000000 0.4431010 0.4243289 0.4702305 0.3659725 0.4460398 0.7278151 0.6712723 0.6871852 0.9291099 2.2500191 2.3239864 2.2814120 2.1640160 2.2791454 2.2434059 2.6628339 2.9548678 2.1469246 4.3102036 4.3173179 4.2322294 
hba_ansse/1-141  1.2965678 1.4112674 1.1124767 1.1333444 1.1213473 1.0561937 1.1286807 1.1038320 1.0115128 1.0455074 1.0660898 1.1308297 1.1898351 1.0578968 1.0259451 1.0675223 1.0456372 1.2449909 1.6982832 0.4282882 0.4699461 0.4188024 0.4092568 0.4018296 0.4032947 0.4056788 0.4198339 0.3789516 0.4431010 0.0000000 0.0587240 0.1438823 0.2168447 0.2183332 0.7620622 0.6878255 0.7274736 0.9598560 2.3781113 2.3675286 2.3838890 2.3413931 2.3192688 2.3283663 2.6899603 3.2716882 2.0491944 4.0780633 4.0981250 3.6682391 
hba_macfa/1-141  1.2769125 1.4093666 1.0641840 1.1594320 1.1473283 1.0929761 1.1674614 1.1421312 1.0473225 1.0703051 1.0639248 1.1780737 1.1952235 1.0948767 1.0622580 1.1163091 1.0938124 1.2734873 1.7906104 0.3948608 0.4352125 0.4102601 0.3907632 0.3838324 0.3852267 0.4217889 0.4176215 0.3612847 0.4243289 0.0587240 0.0000000 0.1341447 0.2112392 0.2180511 0.7969022 0.6315985 0.6932210 0.9645135 2.3920073 2.5113691 2.5266441 2.4211460 2.4920948 2.4714525 2.6758135 3.2774074 2.0646665 4.3688355 4.3957194 3.6951265 
hbb2_tricr/1-145 1.2987410 1.4438588 1.1636893 1.2470561 1.2126576 1.0810136 1.2142096 1.2361704 1.1332782 1.1599745 1.1231646 1.2519358 1.2549461 1.1179049 1.0985328 1.2154683 1.1606146 1.3085104 1.8212884 0.4548888 0.5003624 0.4922302 0.4485528 0.4612457 0.4652770 0.4496996 0.4674865 0.4735445 0.4702305 0.1438823 0.1341447 0.0000000 0.1971539 0.2109469 0.8119671 0.6877281 0.8172423 1.0043227 2.5014832 2.4404384 2.5271257 2.3629117 2.4886234 2.4109619 2.6143129 3.1120092 2.2001333 3.7223624 3.7195200 3.6660056 
hbb_ursma/1-146  1.4315370 1.4510676 1.1558462 1.2198253 1.2316893 1.1301916 1.2417394 1.2489461 1.1115042 1.1692158 1.1752289 1.2678813 1.2670282 1.1641178 1.1295681 1.2653629 1.2076818 1.3235836 1.8586233 0.3812199 0.4041589 0.4522402 0.4420328 0.4064525 0.4100347 0.4173559 0.4562385 0.3669658 0.3659725 0.2168447 0.2112392 0.1971539 0.0000000 0.2270507 0.6822559 0.6416241 0.7329088 0.9467693 2.2456317 2.2742423 2.3953314 2.1770715 2.2779045 2.2298965 2.4905589 3.0503713 2.2028664 4.2422677 4.2733152 4.1013362 
hba2_galcr/1-141 1.4165161 1.4732173 1.1045699 1.1199931 1.1186154 1.0813439 1.1309235 1.1366698 1.0496789 1.1214282 1.0690853 1.1967545 1.1893348 1.1258065 1.1103986 1.1582948 1.1187892 1.2825141 1.7106299 0.4168785 0.4426384 0.4634651 0.4222043 0.4072796 0.4230374 0.4304317 0.4083219 0.4234418 0.4460398 0.2183332 0.2180511 0.2109469 0.2270507 0.0000000 0.7943789 0.7434712 0.8371909 0.9180152 2.6644180 2.6739453 2.8062756 2.6206843 2.7425163 2.6903665 2.6862247 3.5037015 2.4129099 4.4892638 4.4229536 4.1655771 
hba2_bosmu/1-141 1.3937163 1.4305389 1.1531710 1.1643128 1.0996309 1.1588653 1.2545337 1.1816365 1.2505310 1.1484608 1.2754553 1.4045741 1.2752904 1.2414436 1.2441468 1.1494952 1.1195171 1.1797873 1.6342020 0.6610903 0.7245128 0.7372484 0.7404889 0.6992635 0.7043423 0.6731888 0.7804789 0.6667277 0.7278151 0.7620622 0.7969022 0.8119671 0.6822559 0.7943789 0.0000000 0.6674602 0.6876838 1.1374143 1.8567723 1.9696293 2.0165383 1.8334722 1.9416355 1.9782530 2.2639579 3.0858961 2.1684154 3.7473688 3.8393663 3.6965218 
hbb_tupgl/1-146  1.2348912 1.3807920 0.9569708 1.1122923 1.1283493 1.0658830 1.1448084 1.0737180 1.1140638 1.0626790 1.0626540 1.2883417 1.0464668 1.0618926 1.0439890 1.0304115 1.0253884 1.1688194 1.6317166 0.6989032 0.7343197 0.7247838 0.6604672 0.6679247 0.6716979 0.6988852 0.7095705 0.6264531 0.6712723 0.6878255 0.6315985 0.6877281 0.6416241 0.7434712 0.6674602 0.0000000 0.3243919 1.1760214 2.3454251 2.5351145 2.3975583 2.2412222 2.3151477 2.3195171 2.7052200 3.0206999 2.1339543 3.9374014 4.3883900 4.4644789 
lgb1_vicfa/1-143 1.2414444 1.3934190 1.0402122 1.2720879 1.2686379 1.1041091 1.1809271 1.0999180 1.1541439 1.0982548 1.2120708 1.3402550 1.2026092 1.1246832 1.1379443 1.2003885 1.1384422 1.2084028 1.6324148 0.7028960 0.7297689 0.6663945 0.6609926 0.6608212 0.6645167 0.6911286 0.7306688 0.6462775 0.6871852 0.7274736 0.6932210 0.8172423 0.7329088 0.8371909 0.6876838 0.3243919 0.0000000 1.2341674 2.3697984 2.6008984 2.5410058 2.3196736 2.4260051 2.4409071 2.7425345 2.9333367 2.2059180 4.1451669 4.3432937 4.3934932 
hba_trioc/1-141  1.5329446 1.4672168 1.2138361 1.2847840 1.2795924 1.2400989 1.3023020 1.2526377 1.2698750 1.1708454 1.2148039 1.3261829 1.3974356 1.3643557 1.3445591 1.3909895 1.2790286 1.4484879 1.7755965 0.9156025 0.9321503 1.0188631 0.8667515 0.9334845 0.9622415 0.9433862 1.0267787 0.9016310 0.9291099 0.9598560 0.9645135 1.0043227 0.9467693 0.9180152 1.1374143 1.1760214 1.2341674 0.0000000 2.5050111 2.5115365 2.5464978 2.4602609 2.5264759 2.6128899 2.8187378 4.1313155 2.6403555 4.6620965 4.8628159 4.2323257 
hba_erieu/1-141  2.6729534 2.4413397 2.4393615 2.3121234 2.3488187 2.4786523 2.5606853 2.4350972 2.5112422 2.3805029 2.4736243 2.4708710 2.1669000 2.3776833 2.3149899 2.0883900 2.0422475 2.3723735 3.2657114 2.2683179 2.4036420 2.3523577 2.3776448 2.4081448 2.3758630 2.2695619 2.3634177 2.2175030 2.2500191 2.3781113 2.3920073 2.5014832 2.2456317 2.6644180 1.8567723 2.3454251 2.3697984 2.5050111 0.0000000 0.1155365 0.1813670 0.1903132 0.1738184 0.2601983 1.2022981 2.2000338 2.2533077 3.1930306 3.8239107 3.8833816 
hbb_calar/1-146  2.6010313 2.4236645 2.5348859 2.1947587 2.3255108 2.4437492 2.5239506 2.4790886 2.4756243 2.3090156 2.4811905 2.3995787 2.2933109 2.2659185 2.2064557 2.1770548 2.1465628 2.4659805 3.1732550 2.3449828 2.4857762 2.3842129 2.3756433 2.4446534 2.4118976 2.3040938 2.4339952 2.2348273 2.3239864 2.3675286 2.5113691 2.4404384 2.2742423 2.6739453 1.9696293 2.5351145 2.6008984 2.5115365 0.1155365 0.0000000 0.1399346 0.1397113 0.1682110 0.2302013 1.3037529 2.4268479 2.3448182 3.0442580 3.7397587 3.6926486 
hbb_triin/1-146  2.7107122 2.4803043 2.4664549 2.1336042 2.1469089 2.2546797 2.4123437 2.2153291 2.3430515 2.2528482 2.4265634 2.2059464 2.1043571 2.2349231 2.1761072 2.1388039 2.0763612 2.2438915 2.9525808 2.4398371 2.5562419 2.4641542 2.4072410 2.5120891 2.4781653 2.3708529 2.5169153 2.3513114 2.2814120 2.3838890 2.5266441 2.5271257 2.3953314 2.8062756 2.0165383 2.3975583 2.5410058 2.5464978 0.1813670 0.1399346 0.0000000 0.1256899 0.1724175 0.2188043 1.3326326 2.2089689 2.3923319 2.8197782 3.4680810 3.6243441 
hba_colli/1-141  2.6321000 2.6214277 2.4837299 2.1260481 2.1716467 2.3205405 2.4485649 2.2804415 2.3969068 2.2087403 2.4701884 2.3059103 2.1969653 2.2329770 2.1742719 2.1206293 2.1136983 2.3546249 2.9744347 2.2367353 2.3706308 2.3566497 2.2679476 2.3395521 2.3081940 2.3024718 2.4332785 2.1621678 2.1640160 2.3413931 2.4211460 2.3629117 2.1770715 2.6206843 1.8334722 2.2412222 2.3196736 2.4602609 0.1903132 0.1397113 0.1256899 0.0000000 0.1685303 0.1748085 1.3048962 2.2033586 2.5665363 2.8620578 3.4195965 3.7241662 
hbb_colli/1-146  2.6809059 2.3896098 2.4604120 2.1203830 2.1951467 2.2692077 2.3769572 2.2972194 2.3586678 2.2270064 2.4039285 2.3389118 2.2897993 2.2038584 2.1462183 2.0808693 2.0397891 2.2870467 3.1418260 2.3803815 2.4984030 2.4147279 2.3179140 2.4675309 2.4344311 2.3531770 2.4803671 2.2893943 2.2791454 2.3192688 2.4920948 2.4886234 2.2779045 2.7425163 1.9416355 2.3151477 2.4260051 2.5264759 0.1738184 0.1682110 0.1724175 0.1685303 0.0000000 0.2063582 1.2602046 2.1506902 2.3753067 2.9454761 3.8225025 3.6114760 
hba_ponpy/1-141  2.5634008 2.5616220 2.5483702 2.1207042 2.1889690 2.4206591 2.6223301 2.4128870 2.4827474 2.3748153 2.4703462 2.4131307 2.2616878 2.2402419 2.1823389 2.0106503 1.9883231 2.1748079 3.1352533 2.4281453 2.6043845 2.5110552 2.4463524 2.5174342 2.4833967 2.3954981 2.5430463 2.3619903 2.2434059 2.3283663 2.4714525 2.4109619 2.2298965 2.6903665 1.9782530 2.3195171 2.4409071 2.6128899 0.2601983 0.2302013 0.2188043 0.1748085 0.2063582 0.0000000 1.2149083 2.2774035 2.5401010 2.9458886 3.5703080 3.7358103 
hbb_equhe/1-146  2.5123314 2.1673657 2.5903448 2.5381016 2.5299632 2.5654515 2.7229964 2.6076387 2.5305991 2.6780656 3.0237268 2.6104803 2.6919754 2.7011106 2.7551621 2.6728130 2.4216870 2.5638044 3.0784761 2.5284450 2.6690892 2.5937136 2.6075471 2.6588698 2.6815090 2.5383030 2.6302230 2.7329393 2.6628339 2.6899603 2.6758135 2.6143129 2.4905589 2.6862247 2.2639579 2.7052200 2.7425345 2.8187378 1.2022981 1.3037529 1.3326326 1.3048962 1.2602046 1.2149083 0.0000000 2.5979289 2.1851694 3.8653654 4.1366992 3.9393344 
glbz_chith/1-152 3.4465761 3.1880095 3.4180438 3.2295715 3.1922423 3.2864746 3.2852642 3.2122167 3.4848177 3.1842206 3.4168694 3.3223281 3.9077187 3.3002484 3.2721215 3.3902050 3.1866591 3.5102041 4.2930651 3.0173298 3.2106781 3.2907102 3.1203377 3.3460020 3.3750627 3.3451955 3.5170026 2.9356102 2.9548678 3.2716882 3.2774074 3.1120092 3.0503713 3.5037015 3.0858961 3.0206999 2.9333367 4.1313155 2.2000338 2.4268479 2.2089689 2.2033586 2.1506902 2.2774035 2.5979289 0.0000000 3.5266985 3.2330436 3.7245197 3.9060059 
hbb_speci/1-146  2.4646124 2.2161091 2.3784718 2.5048095 2.3981153 2.4307841 2.3843038 2.3569702 2.3864684 2.4722862 2.4171941 2.5375334 2.5446825 2.0606278 2.1069895 2.3895699 2.3252943 2.8992452 2.2057479 1.9530795 2.0266591 1.8861398 2.1398238 1.8103909 1.8709250 1.9112092 1.8648112 1.8968730 2.1469246 2.0491944 2.0646665 2.2001333 2.2028664 2.4129099 2.1684154 2.1339543 2.2059180 2.6403555 2.2533077 2.3448182 2.3923319 2.5665363 2.3753067 2.5401010 2.1851694 3.5266985 0.0000000 4.2104202 4.9607518 5.2941844 
hba_macsi/1-141  3.1162637 3.9695509 3.4389988 3.7649033 3.9611564 3.4058807 3.4073925 3.4215982 3.5112766 3.5659442 3.4220457 3.4286315 2.9213415 3.6244278 3.7456230 3.6905372 3.3120765 3.5182393 4.8894701 3.9099029 4.1346188 4.1154491 3.6583635 4.4412688 4.4858051 4.1188305 3.9027685 3.9936295 4.3102036 4.0780633 4.3688355 3.7223624 4.2422677 4.4892638 3.7473688 3.9374014 4.1451669 4.6620965 3.1930306 3.0442580 2.8197782 2.8620578 2.9454761 2.9458886 3.8653654 3.2330436 4.2104202 0.0000000 0.2910265 1.9464197 
hba4_salir/1-142 3.0029807 3.9904187 3.4906105 3.9492602 4.0285190 3.5420467 3.5381939 3.5732090 3.7148236 3.6674157 3.6385439 3.5791483 2.9194736 3.7242613 3.8497639 3.8571922 3.4540813 3.5442124 5.1954109 3.9957579 4.2294420 4.1448790 3.8043778 4.4110984 4.4547046 4.0506734 3.7443307 4.1899840 4.3173179 4.0981250 4.3957194 3.7195200 4.2733152 4.4229536 3.8393663 4.3883900 4.3432937 4.8628159 3.8239107 3.7397587 3.4680810 3.4195965 3.8225025 3.5703080 4.1366992 3.7245197 4.9607518 0.2910265 0.0000000 2.0000966 
hbad_pasmo/1-141 4.4030162 4.2407240 3.9600102 4.3955492 4.1486062 4.1150760 4.0377364 3.8574988 4.0428068 4.0204937 4.0294591 3.9203223 3.7365931 4.0193132 4.1836782 4.2631080 3.7565703 4.7200336 5.2723027 4.0132070 4.0969012 3.8788096 4.1879961 4.1819447 4.3533758 4.0138674 3.8619901 4.1505915 4.2322294 3.6682391 3.6951265 3.6660056 4.1013362 4.1655771 3.6965218 4.4644789 4.3934932 4.2323257 3.8833816 3.6926486 3.6243441 3.7241662 3.6114760 3.7358103 3.9393344 3.9060059 5.2941844 1.9464197 2.0000966 0.0000000 
