15
0          0.0000000 0.0045547 0.0031854 0.0027295 0.0031854 0.0453925 0.0453925 0.0453925 0.0449107 0.0453925 0.0531518 0.0502333 0.0502333 0.0492628 0.0512050 
1          0.0045547 0.0000000 0.0077596 0.0073009 0.0077596 0.0463590 0.0463590 0.0463590 0.0458761 0.0463590 0.0541278 0.0512050 0.0512050 0.0502333 0.0521778 
2          0.0031854 0.0077596 0.0000000 0.0013629 0.0000010 0.0458761 0.0458761 0.0458761 0.0453925 0.0458761 0.0536391 0.0507190 0.0507190 0.0497479 0.0516913 
3          0.0027295 0.0073009 0.0013629 0.0000000 0.0013629 0.0453925 0.0453925 0.0453925 0.0449107 0.0453925 0.0531518 0.0502333 0.0502333 0.0492628 0.0512050 
4          0.0031854 0.0077596 0.0000010 0.0013629 0.0000000 0.0458761 0.0458761 0.0458761 0.0453925 0.0458761 0.0536391 0.0507190 0.0507190 0.0497479 0.0516913 
5          0.0453925 0.0463590 0.0458761 0.0453925 0.0458761 0.0000000 0.0100571 0.0000010 0.0086777 0.0100571 0.0531518 0.0502333 0.0502333 0.0492628 0.0512050 
6          0.0453925 0.0463590 0.0458761 0.0453925 0.0458761 0.0100571 0.0000000 0.0100571 0.0031854 0.0000010 0.0531518 0.0502333 0.0502333 0.0492628 0.0512050 
7          0.0453925 0.0463590 0.0458761 0.0453925 0.0458761 0.0000010 0.0100571 0.0000000 0.0086777 0.0100571 0.0531518 0.0502333 0.0502333 0.0492628 0.0512050 
8          0.0449107 0.0458761 0.0453925 0.0449107 0.0453925 0.0086777 0.0031854 0.0086777 0.0000000 0.0031854 0.0526647 0.0497479 0.0497479 0.0487781 0.0507190 
9          0.0453925 0.0463590 0.0458761 0.0453925 0.0458761 0.0100571 0.0000010 0.0100571 0.0031854 0.0000000 0.0531518 0.0502333 0.0502333 0.0492628 0.0512050 
10         0.0531518 0.0541278 0.0536391 0.0531518 0.0536391 0.0531518 0.0531518 0.0531518 0.0526647 0.0531518 0.0000000 0.0114390 0.0105175 0.0105175 0.0068425 
11         0.0502333 0.0512050 0.0507190 0.0502333 0.0507190 0.0502333 0.0502333 0.0502333 0.0497479 0.0502333 0.0114390 0.0000000 0.0027295 0.0009083 0.0091373 
12         0.0502333 0.0512050 0.0507190 0.0502333 0.0507190 0.0502333 0.0502333 0.0502333 0.0497479 0.0502333 0.0105175 0.0027295 0.0000000 0.0018176 0.0082185 
13         0.0492628 0.0502333 0.0497479 0.0492628 0.0497479 0.0492628 0.0492628 0.0492628 0.0487781 0.0492628 0.0105175 0.0009083 0.0018176 0.0000000 0.0082185 
14         0.0512050 0.0521778 0.0516913 0.0512050 0.0516913 0.0512050 0.0512050 0.0512050 0.0507190 0.0512050 0.0068425 0.0091373 0.0082185 0.0082185 0.0000000 
