MEME version 5.5.0

ALPHABET= ACGT

strands: + -

MOTIF MCB-1

letter-probability matrix: alength= 4 w= 8
0.4012 0.0725 0.1222 0.4041
0.1269 0.5559 0.1513 0.1658
0.0101 0.0141 0.0059 0.9699
0.0099 0.0098 0.5335 0.4468
0.9519 0.0078 0.0134 0.0269
0.0386 0.0187 0.0124 0.9303
0.4774 0.4687 0.0387 0.0152
0.9154 0.0096 0.0348 0.0401

MOTIF MCB-2

letter-probability matrix: alength= 4 w= 8
0.1159 0.1591 0.1015 0.6234
0.1066 0.4240 0.1902 0.2793
0.0264 0.0216 0.0077 0.9442
0.0275 0.0247 0.0846 0.8632
0.6521 0.0497 0.0238 0.2744
0.0259 0.0225 0.0139 0.9377
0.0704 0.8384 0.0411 0.0501
0.7529 0.0181 0.0643 0.1647

